0.000173481 0.000173481 0.99948 0.000173481
0.000169186 0.999492 0.000169186 0.000169186
0.000142712 0.000142712 0.000142712 0.999572
0.000142712 0.000142712 0.000142712 0.999572
0.000143185 0.000143185 0.000143185 0.99957
0.9997 9.998E-05 9.998E-05 9.998E-05
0.99951 0.000163251 0.000163251 0.000163251
0.999597 0.000134347 0.000134347 0.000134347
0.999592 0.000136047 0.000136047 0.000136047
0.999591 0.000136452 0.000136452 0.000136452
0.000169568 0.000169568 0.000169568 0.999491
0.000147116 0.000147116 0.000147116 0.999559
0.000156725 0.99953 0.000156725 0.000156725
0.000141148 0.000141148 0.000141148 0.999577
0.000190235 0.000190235 0.999429 0.000190235
0.000142872 0.000142872 0.000142872 0.999571
0.000166241 0.999501 0.000166241 0.000166241
0.000140229 0.000140229 0.000140229 0.999579
0.000172422 0.000172422 0.999483 0.000172422
0.000176736 0.000176736 0.99947 0.000176736
0.000184035 0.000184035 0.999448 0.000184035
0.000165955 0.999502 0.000165955 0.000165955
0.00018284 0.00018284 0.999451 0.00018284
0.000179742 0.000179742 0.999461 0.000179742
0.999574 0.000141961 0.000141961 0.000141961
0.999591 0.00013625 0.00013625 0.00013625
0.999587 0.000137686 0.000137686 0.000137686
0.999597 0.000134347 0.000134347 0.000134347
0.999584 0.000138625 0.000138625 0.000138625
0.000148469 0.000148469 0.000148469 0.999555
0.999541 0.000152876 0.000152876 0.000152876
0.000176024 0.999472 0.000176024 0.000176024
0.999596 0.000134545 0.000134545 0.000134545
0.000135797 0.000135797 0.000135797 0.999593
0.000167992 0.999496 0.000167992 0.000167992
0.000160939 0.999517 0.000160939 0.000160939
0.000155454 0.999534 0.000155454 0.000155454
0.999591 0.000136351 0.000136351 0.000136351
0.99959 0.000136759 0.000136759 0.000136759
0.000167703 0.999497 0.000167703 0.000167703
0.000181275 0.000181275 0.999456 0.000181275
0.999553 0.00014914 0.00014914 0.00014914
0.999597 0.000134247 0.000134247 0.000134247
0.999505 0.000164869 0.000164869 0.000164869
0.000142402 0.000142402 0.000142402 0.999573
0.000139771 0.000139771 0.000139771 0.999581
