9.99821E-05 9.99821E-05 0.0374041 0.000181475 0.962214
9.99732E-05 9.99732E-05 0.00272228 9.99732E-05 0.996978
9.997E-05 9.997E-05 9.997E-05 0.9996 9.997E-05
9.997E-05 9.997E-05 9.997E-05 0.9996 9.997E-05
9.997E-05 9.997E-05 9.997E-05 9.997E-05 0.9996
9.997E-05 9.997E-05 9.997E-05 9.997E-05 0.9996
9.997E-05 9.997E-05 9.997E-05 0.9996 9.997E-05
9.997E-05 9.997E-05 0.9996 9.997E-05 9.997E-05
9.997E-05 9.997E-05 0.9996 9.997E-05 9.997E-05
9.99731E-05 9.99731E-05 0.000257719 9.99731E-05 0.999442
9.99821E-05 0.00432194 0.0334776 9.99821E-05 0.962001
9.999E-05 0.0579564 0.0454486 0.0799413 0.816554
0.0715829 9.9991E-05 0.192478 0.20819 0.527649
9.99821E-05 0.961135 0.0121275 9.99821E-05 0.0265373
0.953555 0.0461452 9.99731E-05 9.99731E-05 9.99731E-05
0.9996 9.997E-05 9.997E-05 9.997E-05 9.997E-05
9.99732E-05 9.99732E-05 9.99732E-05 0.0207661 0.978934
9.99731E-05 9.99731E-05 9.99731E-05 0.137812 0.861888
9.997E-05 9.997E-05 9.997E-05 9.997E-05 0.9996
9.997E-05 0.9996 9.997E-05 9.997E-05 9.997E-05
9.997E-05 0.9996 9.997E-05 9.997E-05 9.997E-05
0.0387371 9.9991E-05 0.0392133 0.166428 0.755522
9.99731E-05 9.99731E-05 9.99731E-05 0.997224 0.00247625
