0.0465044 0.217954 -0.134449 0.00282422 -0.0688968 0.0606105 0.0628621 0.44355 0.187163 0.11506 0.0153678 0.0706303 0.161249 0.0163579 0.179118 0.101793 -0.0514594 -0.3069 -0.0714227 0.48148 0.0138056 -0.430598 -0.185235 -0.0019677 -0.119643 -0.0278545 -0.0708102 -0.0372744 0.0334204 0.014971 0.030519 0.0113846 -0.00613341 0.00167283 -0.00688478 0.00328706 -0.00907425 -0.013925 -0.0220375 0.000846457 0.0208049 -0.0132599 -0.010723 0.00496826 0.00267854 -0.147442
0.043017 0.234502 -0.221383 -0.0824859 -0.437333 0.0533093 0.0354581 -0.299639 -0.045849 -0.0769121 -0.0358891 -0.0294979 -0.131495 0.0539963 0.0189531 -0.0234375 0.0291184 -0.0129309 -0.0126398 0.0141915 0.0197155 -0.0260281 0.0512557 0.0661117 0.0406566 0.02562 0.00804876 -0.0511254 0.0483288 0.000628094 0.711789 0.0459154 -0.135295 -0.0248086 -0.0019913 -0.0016811 -0.00973459 0.0112229 0.0476896 -0.0211268 0.0300034 -0.00286083 -0.015983 0.0143924 0.020413 -0.147442
-0.24986 -0.0791701 -0.0312778 -0.167499 0.0686076 0.270677 0.0140399 -0.0186891 -0.00380034 -0.0363707 -0.0323904 -0.0218053 -0.00510487 0.002127 -0.000552752 0.148383 0.0838885 0.218751 -0.22257 0.3599 -0.115077 0.292348 0.297319 0.00551601 -0.555015 0.121554 0.10447 -0.103863 -0.0898443 0.0390426 -0.00811624 0.00718065 -0.0264673 -0.00577322 -0.0111304 0.0229852 -0.00600588 -0.000621679 0.0116551 -0.0046081 -0.00899507 0.00734018 0.00639066 0.00387658 -0.00172577 -0.147442
-0.267991 -0.107503 -0.115891 0.341984 -0.0352256 -0.0468873 0.00256869 0.00413458 -0.0102588 -0.00525031 0.00201974 0.0084291 -0.00743371 0.00424792 0.00461416 0.017688 -0.036533 0.0121 -9.25654E-05 -0.0294781 0.0229593 -0.0462722 0.00867755 0.0122362 -0.0462676 0.0353138 0.00697937 0.19952 0.0886722 -0.0589738 0.00832697 0.0108468 0.111204 -0.757842 0.272895 -0.173762 0.0907973 0.0198589 0.00514681 0.00343891 0.0181104 0.00231856 -0.00144886 0.00394601 -0.00482589 -0.147442
-0.245663 -0.0727771 -0.0100471 -0.198787 0.042294 0.262975 -0.013487 -0.00153836 -0.00652986 -0.0630073 -0.0487713 -0.0487381 -0.0377942 -0.011602 -0.0566819 0.188893 -0.00115227 0.227709 -0.218402 0.20755 0.262695 0.115636 -0.443829 -0.000806003 0.545854 0.0646547 0.155304 -0.033337 -0.0227193 0.00305804 -0.0269227 -0.0051291 0.023134 -0.0123696 0.0144549 -0.00879266 0.0251754 -0.010041 -0.00983613 0.00897581 0.00503435 0.00191938 0.00923174 0.00249258 0.000439352 -0.147442
0.133455 -0.152052 0.00779986 -0.00648992 -0.0478293 0.0122222 -0.0907875 0.0616649 -0.0257704 -0.015662 0.0314425 -0.0923822 -0.0469558 0.0709828 -0.0223276 -0.0380061 -0.0554348 -0.188159 -0.313012 -0.0862596 -0.0494836 0.027297 0.00208707 -0.0339742 0.0188156 -0.0408719 0.000219877 0.092298 -0.0624879 0.19236 -0.0680382 -0.0300432 -0.244603 0.0210401 -0.00300063 -0.166847 0.216267 0.169556 0.303313 -0.557852 -0.222634 -0.131128 0.193403 0.0117407 0.163574 -0.147442
0.120344 -0.0644915 -0.0192336 0.0103002 0.105839 -0.0095744 0.316918 -0.257478 0.18838 -0.00225588 -0.0119367 0.334035 0.214823 -0.0990581 0.0565424 -0.0106926 -0.00121463 -0.103959 -0.235793 -0.0813186 -0.0480063 0.0311756 -0.00843069 -0.109542 0.0343057 0.040985 0.0171468 -0.0366483 -0.0376492 0.0225876 0.0620045 -0.640197 0.164509 -0.0161441 0.0615365 0.0756965 -0.100703 -0.101905 0.0551679 -0.0208672 0.0287739 0.0493749 0.00777171 -0.00194457 0.0443947 -0.147442
0.143939 -0.161296 0.00796733 -0.000354617 -0.0331709 0.0134636 -0.0859424 0.0356357 -0.0202939 -0.000199444 -0.00140397 -0.0374776 -0.0206509 0.0296205 -0.000432293 -0.00826898 0.00168099 0.0237356 -0.0128288 -0.0183046 0.00257128 -0.00788708 -0.000243211 0.0208378 -0.0216322 0.00850092 0.00249288 -0.0601668 0.0219606 -0.17013 -0.0122754 0.101315 0.264281 0.0536869 0.0446219 0.144415 0.128551 -0.114549 0.154191 -0.358711 0.543335 0.0111426 -0.475364 0.271434 0.0101794 -0.147442
0.143509 -0.16165 0.012871 0.00114627 -0.0366944 0.0109363 -0.0742068 0.0280036 -0.0210484 -0.00616897 0.00943419 -0.0510004 -0.0160689 0.0211377 0.0107231 0.00843865 -0.00493875 -0.0104321 -0.0116726 -0.0123861 0.00806321 -0.00183556 0.0193981 0.0149457 -0.00590335 0.024878 0.000445905 -0.06401 0.0290297 -0.139239 0.0302328 0.0585287 0.151965 -0.00422169 0.115508 0.291249 0.037174 -0.220355 0.0468762 0.110909 0.0791945 -0.666722 0.244376 -0.439132 0.00870122 -0.147442
0.135744 -0.132007 0.00724068 0.0132295 0.0158138 0.0105334 0.0568748 -0.0654328 0.0652182 -0.00184537 -0.0272283 0.0919668 0.0578858 -0.0389024 0.00775106 0.042608 0.0119957 0.178287 0.278639 0.0911503 0.00570528 -0.0427175 -0.0688469 -0.00570289 -0.0185011 0.0104322 -0.0288489 0.117591 -0.0273726 0.415482 0.0134446 0.193708 0.196408 0.0150482 -0.0433919 -0.133733 -0.328448 0.100207 0.596149 0.164309 -0.0183644 -0.0479556 -0.00792879 0.0293079 -0.0311725 -0.147442
-0.0972944 -0.0232382 0.0654314 -0.217495 -0.058226 -0.456623 0.0171225 0.151838 -0.121911 -0.334782 -0.087695 0.108357 -0.0132302 -0.0393089 0.0436681 0.041952 0.537612 -0.115586 0.0683259 0.171753 -0.347397 0.111938 0.033637 -0.0512708 0.192383 -0.0821332 0.0391539 0.0742618 -0.0261639 -0.0373948 -0.0133302 0.00345468 0.016764 -0.0377352 0.0264393 -0.0141707 -0.00648143 0.00217831 -0.0100996 -0.0156712 -0.00264808 1.93795E-05 -0.00167941 -0.00528796 0.00473768 -0.147442
-0.193922 -0.0288684 0.0997036 -0.319818 -0.0802423 -0.547003 0.017133 0.102887 -0.0667004 -0.207776 -0.0240074 0.108584 0.00654161 -0.0413293 0.0152874 0.0331686 -0.501702 0.110904 -0.0865107 -0.104963 0.324728 -0.0846011 0.0125467 0.0403644 -0.176943 0.0917597 -0.0354468 -0.0806579 0.00799825 0.0502357 0.0067564 -0.00307365 -0.00618845 0.0124494 -0.00850914 0.0146654 -0.00788448 0.000206692 0.00639115 0.0162311 0.00246416 0.00579881 -0.0031974 0.0068411 -0.0044435 -0.147442
-0.0355415 0.155845 0.517552 0.139954 -0.120364 0.082676 0.00625383 -0.008819 -0.00358651 -0.0125298 -0.0141681 -0.0225662 -0.0038104 -0.0217601 0.0197084 0.0269863 0.101424 -0.0533727 -0.00347988 -0.0199586 0.0269437 0.0448286 0.0548146 -0.132541 0.0331413 0.189041 -0.0788304 -0.343431 0.624762 0.209925 -0.067784 -0.0113308 -0.0381062 -0.0356667 -0.00568987 -0.00202051 0.032906 0.00791182 0.00281701 -0.00640885 0.00206082 -0.00235563 -0.0120382 0.016192 0.000498642 -0.147442
-0.243714 -0.0776168 -0.00422877 -0.237828 0.0807659 0.291224 0.0170798 0.0247382 -0.00669106 -0.0883921 -0.00455522 0.0420421 0.0255734 -0.00510794 -0.0293397 0.0754107 -0.00438496 -0.105631 0.0891192 -0.137998 0.0388052 -0.00399414 0.153446 0.0382845 0.0736475 -0.29686 -0.75516 0.101783 0.0529518 -0.0569987 0.0246637 -0.0237441 -7.52608E-05 0.0144541 -0.00606838 0.00280524 -0.0222559 -0.00389967 0.00584691 -0.00563978 0.0094728 -0.000619241 -0.00618613 -0.00888872 -0.003479 -0.147442
0.0508206 0.21363 -0.166027 -0.0404027 -0.157307 0.0646629 0.0322691 0.340987 0.0847838 0.112286 0.00445761 0.0177043 0.286809 -0.0316622 -0.0548021 0.00466403 -0.064777 0.216959 -0.0300697 -0.152097 -0.0222683 0.0714234 0.557092 0.273298 0.35534 -0.0107059 0.183593 0.0133153 0.0567112 0.0287551 -0.116581 -0.0201332 0.0338709 -0.0119559 -0.0116185 0.00369847 -0.0282406 -0.00642465 0.0306471 -0.00624898 -0.0226097 0.0114947 -0.00222136 -0.00567103 0.000288837 -0.147442
-0.234183 -0.0752716 -0.00401524 -0.235667 0.0751649 0.308448 0.0256003 0.0213803 -0.0574658 -0.137619 -0.0398439 0.0653939 0.00127336 0.0267769 -0.0989492 0.174087 -0.0108306 -0.335905 0.298505 -0.393736 -0.109011 -0.299919 -0.0162614 -0.014084 -0.106451 0.0683981 0.462598 -0.0165948 0.0114339 0.0158111 -0.00322391 0.00552542 -0.00928947 0.0309173 -0.00983787 -0.00183614 0.00561714 0.000958996 -0.00544091 -0.00217342 -0.000883873 -0.00321826 -0.00161674 0.00605932 0.00559026 -0.147442
0.0420311 0.195788 -0.0471553 0.018986 0.232765 -0.0451015 -0.309418 -0.136951 0.147324 -0.157193 -0.286876 -0.196416 0.221255 0.13246 -0.140937 -0.0747272 -0.00344991 0.11706 -0.0204719 0.0449445 0.129754 -0.173325 0.179369 -0.578153 0.0258649 -0.249566 0.0843954 -0.0222945 -0.0275172 -0.0373852 0.0381912 0.0071686 0.0165192 -0.0231471 -0.00643571 -0.0162525 -0.00170514 0.00359233 -0.0094633 0.0110046 -0.0195371 -0.00804983 -0.008579 0.00546145 -0.00615989 -0.147442
-0.252165 -0.10039 -0.126972 0.370686 -0.054996 -0.0778174 -0.0061008 0.0127116 0.0111275 -0.0143303 -0.00218802 0.00870003 0.0129865 0.0198378 -0.0391037 -0.0285876 0.0519267 -0.030352 0.0553805 -0.0830213 -0.0496088 -0.0525174 -0.00241878 0.0450381 0.0933225 -0.035859 -0.11502 -0.695682 -0.429192 0.119889 -0.039913 0.0385543 -0.0530327 0.0676173 0.00280369 -0.00588277 -0.0331404 0.00974052 0.00400238 -0.00101143 -0.00854765 0.00371035 -0.00594028 -0.000946514 0.00457487 -0.147442
0.0440077 0.138986 -0.0413163 0.0331586 0.185231 -0.0302163 0.00558589 -0.167047 -0.712715 0.0883487 0.3736 -0.144379 0.388181 -0.0736221 0.163864 0.140212 0.00542443 -0.00714006 -0.0141075 0.0393304 0.0177344 -0.0710208 -0.00198343 -0.0446333 0.0166228 0.0186288 -0.0167911 0.000279239 -0.0287053 0.00845341 0.00969375 0.00330288 -0.00619732 0.00188998 -0.0176145 0.0120098 -0.0151367 -0.00191479 0.00907915 -0.0086175 -0.00235138 0.0115324 0.000410413 0.00790999 -0.00782425 -0.147442
0.0388506 0.185307 -0.0177928 0.0440321 0.229354 -0.0165329 -0.168402 -0.00272611 0.000721882 0.146318 -0.158524 0.201479 -0.371545 0.160594 0.696499 0.254901 -0.0270004 0.0750157 0.00589346 -0.169535 -0.00703334 0.0784547 0.0682909 -0.0182704 0.0588869 -0.0548907 0.0324142 0.000396675 -0.049513 0.0161832 -0.0156565 0.00536996 -0.0184669 0.0085476 0.00490287 0.00228788 0.0166321 -0.00253773 0.00409163 0.0090159 -0.00843342 0.00136635 -0.00347315 0.00537949 0.0081949 -0.147442
0.0573516 0.0579677 -0.0223324 0.0127239 0.156463 -0.0366456 0.346949 0.00380107 -0.0160651 0.0220755 -0.0450725 -0.232604 -0.147036 0.0185196 -0.0427571 -0.0330187 -0.415881 -0.364614 0.293919 0.248465 -0.0652655 0.455109 0.0824543 -0.110828 0.145668 -0.117925 0.0930535 -0.0659637 0.00438075 -0.0646329 0.00570383 0.0266144 0.0128021 -0.039395 -0.0148676 -0.0471166 0.00258333 -0.00359016 0.0148159 0.000283166 0.0271922 0.00560625 -0.00393106 -0.00610264 0.0139366 -0.147442
0.0384797 0.196685 -0.0490594 0.0372602 0.27958 -0.0686554 -0.271865 -0.183988 0.158261 -0.181608 -0.261741 -0.179546 0.288178 0.108952 -0.0231466 -0.0316801 -0.0567448 -0.109505 0.0360617 -0.0208221 -0.168271 0.125689 -0.220768 0.53716 -0.0589376 0.256622 -0.110374 0.0360103 0.051889 0.038986 -0.0126754 -0.0188456 -0.0317666 0.0107244 0.0058079 0.0191871 0.0158292 -0.00674403 -0.0242813 0.0021576 0.00632135 0.00921514 0.00309647 0.00137343 0.0018623 -0.147442
0.0429674 0.190299 -0.0635195 0.0315357 0.166845 -0.00774843 -0.148016 0.0191146 0.0227749 0.0084916 0.0321364 -0.0239455 -0.23689 -0.595481 -0.0874211 -0.120014 0.285804 -0.229091 0.0176702 -0.0078754 0.506329 0.0775494 0.0846924 0.140877 -0.0959156 -0.0253518 0.0637537 0.0142368 -0.0644157 0.0255249 -0.0193044 -0.0414384 0.0347961 0.00581147 0.0272839 0.00859992 -0.00725573 0.00654698 0.0526425 -0.00864882 -0.00293727 0.0049384 0.00615712 -0.000529645 -0.00479253 -0.147442
0.0431025 0.220406 -0.151195 -0.0382197 -0.204987 0.0260469 0.012 0.318087 0.0558317 0.106182 0.0225449 -0.0139606 0.205838 -0.0646825 -0.00736339 0.0136315 0.0813779 0.0894166 0.0815419 -0.378981 -0.0288458 0.435675 -0.402132 -0.321997 -0.234395 0.0710023 -0.0881196 0.0283447 -0.0660475 -0.0248645 0.0115043 0.0270863 0.0119717 -0.00163184 0.00920982 -0.00629415 0.0280569 0.0171275 -0.0192954 0.0149553 0.00481893 0.000631556 0.00926753 -0.010608 -0.00986738 -0.147442
0.138084 -0.132579 0.00537144 0.00797932 -0.00610027 0.00941412 0.0381724 -0.049599 0.0320495 0.00913957 -0.00605396 0.0915842 0.0531722 -0.0649904 -0.0010565 0.0292011 0.00598453 0.146781 0.254018 0.0887564 0.0385862 -0.0301822 0.0328319 0.00581163 -0.00840424 0.0168338 -0.0351669 0.0810734 -0.0683642 0.365041 0.091813 0.0165058 0.196657 0.159774 0.0407371 -0.30667 0.544118 -0.233045 -0.384755 -0.0186453 -0.0289265 -0.00907119 0.0770777 0.0281752 0.0378293 -0.147442
0.140616 -0.157225 0.0104883 -0.00247057 -0.0297257 0.0123282 -0.0567316 0.0282206 -0.0206571 0.0118609 -0.0115633 -0.00805065 -0.000548572 -0.000180397 0.0154939 0.0143812 0.0221712 0.102581 0.127882 0.0437773 0.0510487 -0.0300691 -0.0206626 0.0513623 -0.0409684 0.0372732 0.00549683 -0.0764894 0.057429 -0.301765 -0.00380352 -0.215982 -0.110772 0.0579675 -0.0997069 -0.421475 -0.00605852 0.231559 -0.00820591 0.0210846 -0.179398 -0.0431065 -0.495008 -0.451238 -0.0385341 -0.147442
0.14306 -0.158901 0.00671192 -0.00278163 -0.0341358 0.00946245 -0.0557693 0.0233327 -0.0062912 0.0136712 0.00369311 -0.000343782 0.00370869 -0.00180624 0.0098325 0.0107112 0.0169879 0.0753464 0.119324 0.0316548 0.0427738 -0.00134032 -0.0100732 0.0498904 -0.0255713 0.00632126 0.00270988 -0.0724653 0.0490659 -0.272193 -0.00481264 -0.148193 -0.0777051 -0.00176631 -0.0485765 -0.142927 -0.137653 0.163115 -0.145079 0.130113 -0.146044 -0.398611 0.14535 0.69522 -0.0040198 -0.147442
0.143738 -0.160768 0.0116453 -0.00521528 -0.0477403 0.017783 -0.100056 0.0738402 -0.0551259 -0.000776905 0.0269947 -0.110269 -0.0680107 0.0546641 -0.0421859 -0.0327191 -0.0168461 -0.159626 -0.266092 -0.0806436 -0.0411182 0.0259316 0.0273556 -0.0155185 0.0157995 -0.0342157 0.000332009 0.0726082 -0.0497721 0.172681 -0.0302641 0.0122145 -0.144051 -0.0254473 0.0160957 0.0519248 0.0656709 -0.0301851 -0.0229236 0.576682 0.0710128 0.0845214 -0.233907 0.0617198 0.554336 -0.147442
0.142959 -0.16088 0.0104057 -0.000135922 -0.0278498 0.0156687 -0.0666642 0.0441027 -0.0254002 0.00241453 -0.000643273 -0.0350137 -0.0268814 0.0499343 0.00589298 -0.0042663 -0.000339865 -0.0187094 -0.0160648 0.000268744 0.00402465 -0.0197559 -0.00114243 0.0368498 -0.0208147 0.0258927 -0.0127327 -0.121166 0.0719363 -0.292137 0.095999 0.108517 0.482304 0.0695573 0.092315 0.251195 0.172708 0.201913 0.0963813 0.0608806 -0.432554 0.418206 0.180424 0.00577473 0.0468059 -0.147442
-0.235181 -0.071869 0.00322792 -0.196783 0.0729667 0.0916891 -0.0217322 0.0143795 -0.0039537 0.123544 0.0851975 -0.00802736 0.035001 0.0079782 0.315922 -0.842584 -0.00090009 0.0582422 0.0469078 0.0283317 -0.0803633 -0.0442564 -0.0445096 -0.0339811 0.0431141 0.0694433 0.061685 0.000833457 0.0334993 0.0213231 0.0164213 0.0166664 -0.00602702 0.00452952 -0.00799794 0.00320969 0.00755186 0.000801003 -0.0010254 0.0111294 -0.00284182 -0.00974602 -0.00193712 -0.000465504 -0.00391188 -0.147442
0.0366811 0.187057 -0.0690811 0.0216644 0.181912 -0.0302047 -0.0644329 -9.27659E-05 0.27154 -0.26611 0.737903 0.101959 -0.193428 0.350901 -0.150956 -0.0139066 0.0451903 0.0652358 0.0466875 0.00426863 0.036634 0.0350993 0.00366016 -0.00125171 -0.000985507 0.0350615 0.010279 0.00578691 0.0324902 0.00315046 -0.0229871 -0.0159909 0.0126068 0.0146045 0.00732983 -0.00581456 -0.0160379 0.00246666 -0.0191404 -0.000354623 0.00682092 0.00213045 -0.00249919 -0.0095837 0.00374563 -0.147442
0.0248076 0.118347 -0.0396585 -0.0126391 0.115284 -0.00615135 -0.10549 -0.0277861 0.0587304 0.0391207 0.0934504 -0.0144489 -0.251216 -0.543964 -0.151084 0.0548444 -0.27223 0.222429 -0.0870681 -0.0156406 -0.56604 -0.196865 -0.0599582 -0.115757 0.0818703 0.0849059 -0.0845225 -0.0124474 0.0363506 -0.0639595 0.0128914 0.0410275 -0.0338987 0.00618618 -0.0046009 0.00021465 0.0109971 0.0136512 -0.0141933 0.00565435 -0.00273866 0.000481612 0.0058089 0.00162057 -0.00946328 -0.147442
0.143468 -0.153231 0.00450214 -0.00116112 -0.0398668 0.00689902 -0.0679498 0.0277833 -0.0118006 0.00777347 -0.0109948 -0.00590638 -0.000143825 0.0124977 0.00765214 0.00135876 0.0298535 0.0983385 0.12788 0.0344662 0.0461726 -0.0430031 -0.00655455 0.0269353 -0.0301582 -0.00119154 0.00728491 -0.0569996 0.0485887 -0.235072 -0.0644906 -0.108294 -0.274012 -0.000371358 -0.0785918 -0.178578 0.0311007 -0.0283539 0.126914 0.0809596 0.499492 0.364218 0.531145 -0.116353 0.0250075 -0.147442
-0.26712 -0.10447 -0.125482 0.351599 -0.0485904 -0.0836527 0.00422552 -0.00268941 0.0100816 -0.0161532 -0.0115683 0.0134164 -0.0137424 -0.0164341 -0.000909319 0.0233527 -0.0024421 -0.00479149 -0.0039932 0.00897199 0.0200082 0.0177619 -0.00443514 -0.0269133 -0.00404169 0.00306692 0.0326436 0.25358 0.14262 -0.0189266 0.0244997 -0.0631655 0.0575113 0.10731 -0.765169 0.198598 0.107412 -0.00503349 0.00912961 0.00450722 -0.0103018 -0.0380372 0.0063708 -0.00898262 0.0143062 -0.147442
0.0430356 0.192873 -0.0277969 0.0270667 0.138069 0.00211718 -0.0438409 0.0673108 -0.37209 0.264968 -0.22967 0.520926 -0.178083 0.261024 -0.472557 -0.165719 -0.0142307 0.0257891 -0.0360615 0.070102 -0.0208541 0.0201823 -0.080424 0.0662971 -0.0440064 -0.0626289 -0.0130223 -0.00707122 0.049268 0.00646843 -0.0176497 0.00313556 -0.00400942 -0.00141087 -0.00106429 0.00954958 0.0106544 -0.00385439 0.00445754 -0.000844139 -0.000324927 -0.0273533 0.00418607 -0.00823451 -0.00638333 -0.147442
-0.033553 0.166442 0.487235 0.122588 -0.125423 0.0967409 0.0175696 0.00328013 0.012907 -0.000636597 -0.0286919 0.0424925 0.00148577 0.0524078 -0.0366917 -0.0174016 -0.0312223 -0.0755187 0.0435941 0.0455658 0.0479621 -0.0533239 0.144068 -0.111959 0.104654 0.459954 -0.110983 0.287852 -0.507178 -0.186794 0.0235268 0.0423964 -0.00314798 0.04219 -0.00336738 0.0017833 -0.0254772 0.019524 0.00974557 0.00604438 0.00908356 0.00322546 0.00743347 0.00630439 0.00129331 -0.147442
-0.0442683 0.153992 0.477624 0.121954 -0.131785 0.0624023 0.0273499 -0.0177574 0.0364178 -0.0480824 0.0657696 -0.0426783 0.0624281 -0.0496293 0.0263588 -0.0374659 -0.0715158 0.138064 -0.047529 -0.0219454 -0.082459 0.0128104 -0.177205 0.268058 -0.144491 -0.660186 0.200753 0.0699235 -0.142274 -0.0413713 0.0548233 -0.0440581 0.0462341 -7.55014E-05 0.00337852 0.00545684 -0.0100386 -0.0162323 -0.0115539 -0.00142174 -0.00285567 0.00182592 0.0060644 -0.0183116 0.0028666 -0.147442
0.139406 -0.141815 0.000528357 0.00386596 -0.0191452 0.0137847 0.0147289 -0.0206004 0.0244685 0.0167423 -0.0154595 0.0363229 0.0175513 -0.03188 -0.00208759 0.020733 -0.00652817 0.122351 0.238023 0.0801134 0.0462972 -0.0195604 -0.00903786 -0.00977005 0.0105806 -0.0179839 -0.00252262 0.0838391 -0.0432205 0.250531 -0.0261419 -0.0701831 -0.22714 -0.110072 0.103594 0.515021 -0.0557616 0.535537 -0.319928 -0.14196 0.103104 0.0373615 -0.0423195 -0.0941914 0.00352778 -0.147442
0.140219 -0.150154 0.0119627 0.00726349 -0.0355117 0.0091022 -0.0327322 0.010546 0.0170046 0.00904962 0.00159587 0.0179093 0.00293017 -0.0161338 -0.00666508 0.0101835 0.00745938 0.100061 0.202121 0.0535484 0.0494951 -0.0128229 -0.0380514 -0.00129937 -0.0126252 0.00197666 -0.00377407 0.0188185 0.00247979 -0.0509789 -0.0560267 0.00467152 -0.402305 -0.137407 0.0130484 0.26758 -0.0941129 -0.628378 0.0669269 -0.114197 -0.366097 0.183098 -0.140173 0.0625609 -0.0567367 -0.147442
0.0425417 0.224703 -0.218199 -0.0813015 -0.460343 0.056699 0.0521882 -0.366651 -0.068034 -0.103139 -0.0615806 -0.0753162 -0.156739 0.0539281 0.0467581 -0.0513438 -0.0165512 -0.0276031 0.0206848 0.0609671 -0.00428142 -0.0971275 -0.0386475 -0.00676433 -0.0603716 -0.0267778 -0.0466367 0.0403372 -0.0166784 -0.00257296 -0.64387 -0.0471137 0.130049 0.0249305 0.0103514 -0.00332002 0.00182504 -0.0146493 -0.0376941 0.0205182 -0.0324865 0.000181063 0.00619854 -0.00716441 -0.0125069 -0.147442
0.0727414 0.100562 -0.0169078 0.0205198 0.245308 -0.0609356 0.606585 0.130176 -0.0408542 -0.0193124 -0.158777 -0.405748 -0.211265 0.135727 -0.0549316 -0.0390817 0.219919 0.260929 -0.101152 -0.176283 0.0495496 -0.255671 -0.0398038 0.0796195 -0.0874351 0.0664989 -0.0681691 0.0253801 -0.00124544 0.00112428 0.0151418 -0.0121538 -0.0236059 0.0194518 -0.00334997 0.0178252 0.0252788 -0.0101016 -0.000776968 -0.00888139 -0.00709289 -0.0163741 0.00617095 0.0142448 -0.00133233 -0.147442
0.133781 -0.152775 0.0139537 -0.000130785 -0.0310239 0.0202263 -0.0968084 0.0602882 -0.0495313 0.0151454 -0.013757 -0.0932413 -0.0839159 0.0393833 -0.0139272 -0.0216266 -0.0126093 -0.0771304 -0.155932 -0.065019 -0.00975697 0.0151884 0.00232439 0.00188064 -0.00730868 0.0237704 -0.00177751 0.0206816 0.00726721 0.115296 0.055424 0.125701 0.257265 -0.0486998 -0.139384 -0.192498 -0.626769 -0.142236 -0.44393 -0.239278 0.0169471 0.116574 0.0975263 -0.101443 0.0852009 -0.147442
0.143653 -0.160518 0.0121101 -0.00169972 -0.0494583 0.0188448 -0.0904304 0.0696506 -0.0430377 -0.0101193 0.0218984 -0.105763 -0.0759354 0.0717749 -0.0247375 -0.0281431 -0.0284538 -0.182076 -0.274073 -0.0794028 -0.0499986 0.0314792 0.03215 -0.0120079 0.0263658 -0.0264981 0.008193 0.0554364 -0.0526599 0.176668 0.0181705 -0.0425546 -0.0474169 -0.00389669 -0.00762349 0.00183725 0.0769666 0.0159126 -0.0244865 0.256894 0.0417388 0.0681998 -0.0504826 0.0441843 -0.802018 -0.147442
0.119433 -0.0643042 -0.0102521 0.00368122 0.0981846 -0.0137372 0.293868 -0.262349 0.191794 -0.0189788 0.0060713 0.320114 0.223942 -0.106032 0.0535854 -0.00256955 0.0514663 -0.0766901 -0.217908 -0.0792501 0.0573663 0.0261645 0.00652817 -0.00488737 0.0124062 -0.0466386 0.0347939 -0.0264278 0.0467313 -0.191834 -0.0910925 0.633707 -0.189061 -0.0195398 -0.0711483 -0.0632901 0.0495893 0.0839025 -0.113191 0.0301661 -0.000577997 -0.020116 -0.0234443 -0.0192164 -0.0402782 -0.147442
-0.204 -0.0403611 0.0786319 -0.243654 -0.0257827 -0.298565 -0.0688566 -0.237289 0.248834 0.713154 0.118154 -0.197486 0.019676 0.101091 -0.137616 0.169793 0.153794 -0.0847247 0.0382058 -0.0125128 -0.0215435 -0.0361013 0.0109879 0.0236237 0.0112723 -0.0287847 0.00758475 0.0186115 -0.00757345 -0.00517951 -0.00854592 -0.00658445 0.012608 -0.00306138 0.00386408 -0.00393338 0.00616742 -0.00178669 0.00590418 -0.0037729 0.000387618 0.00095082 -0.00086619 -0.00400308 -0.00303479 -0.147442
-0.26789 -0.105163 -0.119692 0.347018 -0.0426937 -0.0748953 0.0163173 0.00567702 -0.00995162 -0.000134745 -0.0206804 -0.00543564 0.00743705 -0.0033542 0.000995553 0.017883 -0.0337067 -0.00563932 -0.031436 0.0178752 0.016954 0.0290529 0.0156674 -0.0411184 -0.0137862 -0.0114656 0.0528842 0.271317 0.211328 -0.0617733 0.0119654 0.0177083 -0.114687 0.572078 0.501442 -0.0281864 -0.161654 -0.017127 -0.0226434 0.000180125 0.00400746 0.0312015 -0.00291242 0.00712012 -0.0124736 -0.147442
