-0.0748538 0.231903 -0.0310973 0.133538 -0.361025 -0.0118104 -0.164622 -0.170104 0.269453 0.25255 0.44348 -0.168604 0.0463387 -0.325375 -0.0461959 0.143534 0.230149 -0.0017378 -0.176452 -0.133969 0.0243208 -0.0394431 -0.0230584 -0.161338 0.134667 0.175124 -0.0388859 -0.0179521 -0.0749773 0.0317367 -0.0338653 0.0316271 0.0509432 -0.0479425 0.0520385 -0.144798 0.0143397 -0.0169613 -0.00483415 -0.0118591 -0.0265481 -0.0338287 0.00453424 -0.00707517 -0.00115445 0.147442
-0.0135973 0.164704 -0.20954 0.398398 0.345341 -0.128804 0.261615 -0.0503783 0.183385 0.0536323 0.0811176 -0.0537007 -0.0659443 -0.138377 0.00283003 0.0337132 -0.0923718 0.0344745 0.136205 -0.0584843 0.0391326 -0.301538 -0.0850317 0.402586 0.122043 0.0394091 -0.131838 -0.0253092 0.157007 -0.0106872 0.139008 -0.199117 0.0118449 0.0718245 -0.0912053 0.187322 -0.0305547 -0.0434876 -0.0227733 -0.037503 -0.019899 0.0705552 -0.0185003 0.00360858 -0.00550267 0.147442
-0.194187 -0.197895 -0.0139481 -0.0375034 -0.0160351 -0.00416565 0.0442408 0.145511 0.252914 0.0652861 -0.201935 0.0558015 0.0954671 -0.00949752 0.0546997 0.218805 -0.0182384 -0.106145 0.0789034 -0.0663679 -0.0712458 0.14586 0.110962 -0.00749738 0.0629539 0.382162 0.159778 0.0474243 0.419941 0.341467 -0.359434 -0.0462119 -0.122125 0.0737811 -0.0291145 0.0667487 0.0643643 0.0938461 0.0170619 -0.0250422 0.0370966 -0.00122315 0.00881086 -0.0130113 -0.0046129 0.147442
-0.202464 -0.194962 0.0229425 0.0374916 -0.0245116 -0.0231641 -0.0377971 -0.0758987 0.0592218 0.00425283 0.0154638 -0.030402 -0.147717 0.12535 0.142759 0.0690858 -0.158845 -0.024175 0.0543443 0.0054881 -0.00890081 0.0342318 -0.0208337 0.00468317 0.143705 -0.115468 -0.12077 -0.0162024 -0.142667 -0.177732 -0.137286 0.0464119 -0.106778 0.116812 0.0145639 -0.220393 -0.178814 0.0434389 -0.174691 -0.676513 -0.0598115 0.148826 0.212074 0.0416463 -0.0320586 0.147442
-0.200276 -0.201831 0.018272 0.0214866 -0.02066 -0.0342683 -0.0197382 0.00161965 0.12061 0.0498878 -0.0238265 -0.022618 -0.0393537 0.116879 0.0833696 0.109223 -0.0539799 -0.0264183 0.102479 0.0684964 -0.019924 -0.0370785 0.0760587 0.0225 -0.164035 0.318988 0.191579 0.360206 -0.435543 0.0734191 0.365221 -0.0163733 0.153313 0.0605978 0.151939 0.129423 -0.30306 -0.0760883 -0.0190544 0.147959 -0.0359892 0.0368825 -0.00652428 0.0442154 0.0119361 0.147442
0.182088 -0.0793639 -0.0414841 -0.0756492 -0.0614355 0.0245184 0.0413676 0.0329959 -0.0229479 -0.0319135 0.163284 -0.200387 0.108723 -0.00216898 -0.104924 0.199885 -0.0345237 0.308275 0.152356 -0.0982237 -0.0280874 0.137771 0.20522 -0.168749 -0.134089 -0.115703 -0.30805 0.0708384 0.0279162 0.0290332 0.0662784 0.0896851 -0.197031 0.026099 -0.108765 0.398889 -0.139845 -0.0334048 0.266686 -0.111169 0.317745 0.0928439 0.0599568 0.0218436 -0.000277349 0.147442
0.118516 0.00799793 0.186492 -0.129918 0.449061 0.104159 -0.152403 0.198399 -0.00584053 0.257398 0.105519 -0.165563 -0.118995 -0.203978 0.00193836 0.146925 -0.204384 -0.102166 0.03744 0.195824 -0.268616 -0.135395 -0.216889 -0.157449 -0.171125 -0.0314742 0.0186331 -0.0516282 0.055873 0.0916126 -0.0211423 0.0809118 -0.0473202 -0.287078 0.132279 -0.153206 -0.0916045 -0.0629146 -0.00823304 -0.0143794 0.0678976 0.0336634 -0.0681731 -0.022224 -0.00220087 0.147442
0.195207 -0.0773808 -0.0324974 -0.0362541 -0.0414993 -0.0225655 0.0416894 -0.00356216 0.0114447 0.00934914 -0.0359801 -0.047132 -0.0607284 0.00312152 0.101323 -0.0648721 0.0492977 0.0656282 0.00818608 -0.0678618 -0.0825652 0.0386651 0.123315 -0.11176 -0.115303 -0.0412612 -0.117191 -0.0444321 -0.0319832 0.249622 0.180329 -0.143742 -0.146759 0.0808377 -0.0806157 -0.0688288 0.0483479 0.00624963 0.0499252 -0.158607 -0.579054 -0.00898286 -0.397932 -0.384969 0.000526236 0.147442
0.192567 -0.0728142 -0.00227862 0.0372756 0.0124976 -0.1949 -0.0131355 -0.076663 0.062378 0.0176667 -0.00264806 0.0930549 0.0188126 0.0340468 0.123355 -0.104487 0.13736 -0.100015 0.136618 -0.00829895 0.0722881 -0.0944834 0.04792 0.0138187 0.100647 -0.119081 0.390212 -0.121152 0.062917 0.0471237 0.170079 0.0385218 -0.00945352 0.0918445 0.051585 -0.24923 -0.124422 -0.0586014 0.446655 -0.179263 0.344961 -0.308373 -0.0302306 -0.135551 0.0213366 0.147442
0.189157 -0.0720349 -0.0499846 -0.0318918 -0.0710145 0.0105657 0.0506796 0.0210488 -0.0117424 0.00328426 0.018755 -0.00306202 -0.0324383 0.0580596 -0.116628 0.0388994 -0.0702886 0.0386677 -0.0456927 -0.07251 0.0833249 -0.0331444 0.20999 0.325255 -0.201442 0.00858898 -0.175148 0.168053 -0.0150983 -0.0630117 -0.307905 -0.0120954 0.341168 -0.0519194 0.271478 -0.282682 0.0590618 0.0731867 0.187559 -0.0543863 0.0497027 0.0959318 -0.376418 0.248296 -0.0208214 0.147442
-0.0841798 -0.108925 0.112828 -0.00900945 0.0778669 0.0238606 -0.0346373 -0.272646 -0.145926 -0.176744 -0.333173 -0.117527 0.0617987 0.0100307 -0.236177 0.356531 0.180681 0.0495719 -0.0124082 -0.379472 -0.129077 0.0874914 -0.276751 0.107411 0.0481587 0.0410747 -0.109592 -0.272354 -0.0195266 0.0199721 0.160093 0.0453306 0.0344381 0.0176273 0.209238 -0.100117 0.0111857 -0.167478 -0.0122835 0.0565803 -0.00213254 -0.0540496 -0.00411054 0.00159873 0.00599613 0.147442
-0.167786 -0.14731 0.0311803 0.0145547 0.0174105 -0.092167 0.0228606 -0.22994 -0.220496 -0.14543 -0.20836 -0.0622299 0.105785 -0.452881 0.0356183 0.204629 0.0108718 0.0556141 -0.129185 0.263762 0.26293 -0.328307 0.164801 -0.16129 -0.0795843 -0.221002 0.137126 0.085472 -0.0725465 -0.017237 -0.192088 -0.164514 -0.0878025 0.0405425 -0.00438615 0.0531199 0.0393946 0.020888 0.0119443 0.0461816 -0.031331 0.0153434 -0.0221606 0.00165248 0.00254222 0.147442
-0.072694 0.164035 -0.298191 -0.135816 0.0374047 -0.108106 -0.206855 0.207089 -0.234052 -0.193371 -0.0416443 -0.159533 -0.0243381 0.129448 0.189051 -0.0613983 0.0708158 0.05763 -0.236458 -0.045095 0.0931787 -0.0399128 0.0611771 -0.0891887 0.217134 0.076164 0.0686017 -0.028014 0.142802 0.124071 0.00175459 -0.0906486 0.294925 -0.286006 0.0146576 0.15866 -0.132916 -0.344734 -0.0151692 -0.181407 -0.0130772 0.086092 -0.0279238 0.0281403 -0.00756022 0.147442
-0.188408 -0.194836 -0.00550569 -0.0519094 0.0199733 -0.0772467 0.0552905 0.165093 0.259836 0.069948 -0.152618 0.0456544 0.175739 -0.0778163 -0.0501231 0.0201469 0.179158 -0.110332 -0.0900597 0.136679 0.123567 0.143743 0.0137613 -0.0331931 -0.163072 -0.0308915 -0.168466 0.0257485 0.195124 -0.392316 0.358805 0.0225756 0.163182 -0.301018 -0.252541 -0.0962962 0.187899 0.0187172 0.0823334 -0.0783117 -0.0299974 0.0130362 0.0228914 -0.0123053 -0.0322891 0.147442
0.02059 0.161201 0.147785 0.371588 -0.0449808 -0.130827 -0.199076 0.0490413 0.210813 -0.336735 -0.0710602 0.104717 0.272728 0.0913123 0.184689 -0.125375 -0.0563561 0.3187 0.154024 0.13437 0.0041954 0.101811 -0.334849 -0.174938 -0.199521 0.0378905 -0.0739181 0.010744 -0.0217149 -0.0305952 -0.182047 -0.114429 0.00294207 -0.0553038 0.0704702 -0.0925606 -0.0509462 -0.0332952 0.00305548 0.0590269 0.0288106 0.0265336 -0.0655037 -0.0252076 0.0015638 0.147442
-0.18072 -0.166979 -0.0427958 -0.0588483 0.0179236 0.0152261 0.0815472 0.307558 0.217334 0.116867 0.0216852 0.089715 0.197227 -0.0619477 -0.128365 -0.279704 0.117589 -0.0226432 -0.110431 -0.00486393 -0.0366926 0.0171824 0.119662 -0.00178654 0.0880975 -0.31048 -0.0910597 -0.359827 -0.0905853 0.0158749 -0.0768003 -0.0949947 -0.0595671 0.151136 0.328851 0.0957102 -0.303356 -0.0800636 -0.107211 0.180523 -0.0101674 0.0222346 -0.059196 0.0571607 0.0485788 0.147442
-0.0509149 0.201977 -0.149125 -0.165176 0.167423 -0.000184814 0.117592 -0.42556 0.205076 -0.111078 0.00644861 -0.0888742 -0.0533628 0.0974373 -0.256905 -0.213802 -0.0618083 -0.129899 -0.126685 0.283195 0.238106 0.251279 -0.026657 0.00757221 -0.244159 0.0827873 0.0244576 -0.190619 -0.0860574 0.27942 -0.0165061 0.0988769 -0.018818 -0.0723775 0.0448046 0.0800638 0.0129548 0.066545 -0.0210263 -0.120197 0.0614244 0.024291 0.040465 -0.00562699 0.000252601 0.147442
-0.183032 -0.198067 -0.0248886 0.0195735 -0.00167263 0.0846768 -0.125935 -0.0109617 0.0138038 0.0252583 0.231776 0.0531955 -0.233048 0.118359 0.13403 -0.00875238 -0.0509293 0.0767729 0.0569422 -0.010378 -0.0643405 -0.0111027 0.0418215 0.0960168 -0.176568 0.0193347 0.151605 -0.351315 -0.188169 -0.0868339 -0.135118 -0.0934901 -0.044966 0.0364147 -0.130854 0.0806043 0.461595 -0.338697 0.239029 0.134277 -0.0271747 0.150009 0.0759698 0.0414119 -0.0449192 0.147442
-0.0634656 0.176008 0.422757 0.125744 -0.0700189 -0.212505 0.21318 0.148437 -0.273393 0.377205 -0.13026 -0.19047 -0.110234 0.136445 -0.0940054 -0.109945 -0.0337111 -0.0845512 0.155496 -0.115644 0.419435 0.0775387 -0.0310734 -0.144435 -0.021076 0.114297 -0.0255931 -0.0977061 -0.0265775 -0.0430856 -0.107851 -0.0427976 0.0180079 0.00268474 -0.0495414 0.0436288 -0.0485337 -0.067737 0.0599582 0.0318893 -0.0531941 0.0281446 0.0021511 0.000379295 -0.000897238 0.147442
-0.0918352 0.249627 0.135952 -0.180046 -0.0423214 0.264528 -0.0438676 0.000875027 -0.0515276 0.0711335 0.0939173 0.456017 -0.143801 -0.0417495 0.0412077 0.193129 0.276902 0.0886522 0.305318 0.0409112 0.167043 0.134728 -0.0411801 0.159472 -0.0288975 -0.259861 0.0261432 0.12447 0.0722592 0.170569 0.0739059 -0.240839 0.0337882 -0.142142 0.109599 0.0791245 -0.0128056 0.00428285 -0.0688392 -0.0966096 -0.0415332 -0.0108374 0.0714757 0.0354908 0.00219452 0.147442
-0.0887969 0.16292 0.124184 -0.40543 -0.191984 -0.0140655 0.377117 -0.0131974 0.222867 -0.0385787 -0.0934151 0.107895 -0.0308006 -0.159152 0.138846 -0.0819037 -0.40423 0.226902 -0.143485 -0.254172 -0.0581571 -0.0982393 -0.203799 0.00586046 0.0495281 -0.114347 0.105724 0.0949903 -0.0254884 -0.00500267 0.0194148 0.139518 0.0774207 0.0028571 -0.11426 -0.0123538 0.0324194 -0.139203 0.00385981 0.0322479 0.0604207 -0.00782953 -0.0561344 -0.0479928 -0.00396172 0.147442
-0.077487 0.228328 -0.0680979 -0.116177 0.0374937 -0.0444011 -0.143958 -0.202726 0.11262 -0.107372 -0.0741226 -0.112645 -0.08295 0.0175301 -0.286513 -0.118507 -0.0420558 -0.2201 0.381001 -0.102705 -0.295382 0.0549931 0.212062 -0.191508 0.0774293 -0.128431 0.135164 0.167948 0.0914313 -0.328324 -0.137285 -0.173904 0.0391479 0.0361424 -0.130641 -0.021124 -0.102511 -0.116046 -0.00625519 0.129172 -0.0950216 0.0360735 -0.0844695 0.0223557 -0.00059797 0.147442
-0.0499099 0.164938 0.0948755 0.108667 -0.00739673 0.106116 -0.368616 -0.0888163 -0.0163949 0.231436 -0.384466 0.274781 -0.0663948 -0.0716855 -0.115848 -0.190645 -0.116629 0.265483 -0.055155 0.118583 -0.119054 -0.153827 0.302581 0.0742504 0.184092 0.155896 -0.171229 -0.0911005 -0.0452277 0.0497264 0.0908479 0.265821 0.00066308 -0.0153387 -0.0683933 0.0342515 0.0203017 0.0515283 0.0997647 -0.0225271 0.022025 0.0121615 0.0230173 -0.00888726 -0.00416647 0.147442
-0.0398999 0.152006 -0.0596742 0.331411 0.00697845 0.211556 -0.11444 0.288338 -0.0289506 -0.053907 -0.124249 -0.278866 -0.0476637 -0.17186 -0.0528496 -0.00857212 -0.149307 0.00971481 -0.157138 -0.170161 0.0159848 0.378204 0.0979704 0.167359 -0.0794149 -0.285963 0.342199 0.124874 -0.0899246 0.0667217 0.111479 0.0564804 -0.0364337 0.0654669 -0.0109023 -0.039187 0.15101 0.143066 -0.0602264 -0.035118 0.0430744 -0.0290755 0.0547983 -0.0230837 -0.00174244 0.147442
0.194145 -0.0752581 -0.0448595 -0.0410183 0.0223323 0.0533277 0.0529099 -0.00702136 -0.0382264 0.116905 -0.015573 -0.0228307 -0.018635 0.0582507 -0.0372194 0.0419636 -0.0992768 0.15461 -0.0159819 0.170965 -0.0145519 0.0964343 0.0880848 -0.206707 0.103595 0.0530418 -0.114318 -0.0486952 0.000839757 0.120245 0.159961 -0.385637 0.22714 0.310173 -0.163802 -0.265646 0.181383 -0.10501 -0.389949 0.0625898 0.305539 -0.124693 0.0221592 0.0806799 0.0155836 0.147442
0.172994 -0.0604574 0.0372253 0.050834 -0.156858 0.151295 -0.0441338 0.0348134 -0.0231009 -0.0647685 -0.0901515 -0.000282384 -0.110628 -0.171306 0.054035 -0.0932646 0.0294372 -0.338146 -0.0439128 0.0802399 -0.0961149 -0.0227954 -0.171824 0.0552623 -0.153661 -0.0493441 -0.255678 0.0736125 0.0455241 0.0651475 -0.161003 0.0463219 0.408307 0.272933 -0.0482401 0.171469 -0.0860627 -0.106417 0.148735 0.0159662 -0.0669225 -0.0926725 0.369867 -0.249956 0.0217663 0.147442
0.193675 -0.0728939 0.0382222 0.0306258 -0.165258 0.137085 -0.0142093 0.0540847 0.0317953 -0.0401081 -0.0827318 0.0259884 -0.109137 -0.0691036 -0.0423691 -0.0766164 0.0669285 -0.154113 0.0209224 0.0885017 -0.00286386 -0.0538813 -0.169106 -0.0105955 0.0704845 0.161957 0.0836758 0.00132287 -0.0787804 -0.269397 -0.0273468 0.0357944 -0.134704 -0.0236789 0.150345 0.444608 0.213686 -0.0626907 -0.253621 -0.258243 0.155911 -0.243584 -0.382119 0.0477649 0.103233 0.147442
0.201622 -0.0821397 -0.0564691 -0.0224785 -0.071518 -0.0111605 0.0721799 -0.000198197 0.00954439 -0.0204862 -0.00339148 0.019578 -0.0537515 0.0879646 -0.105131 -0.0069451 -0.0270881 0.0831106 -0.0294658 -0.0327391 0.0690008 -0.0409272 0.130628 0.119116 0.0818668 0.108699 0.0484908 0.0584254 -0.0405852 -0.187865 -0.0925828 -0.122737 -0.133591 -0.312536 0.238813 -0.0816187 0.036361 0.0420331 -0.172828 0.156145 0.154036 0.186843 0.263061 -0.630383 -0.0133219 0.147442
0.178683 -0.0727145 0.0284265 -0.00632426 0.03334 -0.222102 -0.0929418 -0.091946 0.053821 0.0305921 -0.00145481 -0.024282 0.0890729 0.00670274 0.246742 -0.0472607 0.21717 -0.0824898 0.228646 -0.178281 0.0601012 -0.111998 0.147727 0.0756832 -0.167568 -0.180825 0.0491814 -0.037179 0.01319 0.150055 -0.0394186 0.461319 0.0878836 -0.0294677 -0.154053 0.0159668 0.0735829 -0.0420162 -0.480803 0.107101 0.0553728 0.160626 -0.00466744 0.0496585 -0.00402955 0.147442
-0.16729 -0.129658 -0.0127085 -0.00536165 0.0765884 0.0673892 0.0100803 0.170261 -0.0755018 -0.0415663 0.115186 0.00226267 0.0662755 0.189212 -0.475251 -0.238546 0.256573 0.145888 -0.024064 -0.111253 -0.0517764 -0.377829 -0.236765 -0.0789787 -0.0360473 -0.0336926 0.0812236 0.276372 -0.0717376 0.206919 -0.0786207 0.0424262 0.00806417 0.0368216 -0.190677 -0.059069 0.150812 0.101754 0.0011033 -0.142537 0.0354902 -0.00638763 0.0477393 -0.0472001 -0.0216055 0.147442
0.142948 0.000263553 0.0935492 0.0455511 0.060793 -0.0645323 -0.191262 0.127672 -0.0430576 -0.241926 0.244608 0.408239 0.193414 0.0185128 -0.254135 0.211708 -0.366581 -0.353285 -0.129224 -0.143574 0.255239 -0.0201535 0.0590953 -0.0346153 0.0892155 0.0438183 -0.03317 -0.031754 -0.0605806 0.0381569 0.0818118 0.0506734 -0.0993485 0.0436526 -0.15735 -0.0206463 -0.0395928 -0.106171 -0.0268212 0.0289205 -0.0733912 0.0260646 -0.0393013 0.0102476 -0.00577687 0.147442
-0.0272089 0.0740645 -0.0912423 -0.0693752 -0.200771 0.110094 -0.114649 -0.197912 -0.182131 0.355475 -0.0244849 -0.107061 0.576328 0.284546 0.126576 0.0155595 -0.193375 -0.179297 -0.0257418 0.0626863 -0.138043 -0.0954236 -0.150714 0.207929 -0.0394209 -0.140761 0.0518347 0.000754266 0.0171878 0.00550661 0.0296726 -0.170556 -0.0489896 -0.0409491 -0.0396511 0.100048 0.048725 0.0920068 0.0219595 -0.0184965 0.00697939 0.0440596 -0.0242763 -0.0253332 -0.00603968 0.147442
0.191947 -0.0688419 0.00128233 0.0199102 -0.114141 0.0563966 0.0273364 -0.0283511 -0.00700738 -0.054831 -0.100197 0.0235312 -0.132131 -0.0622009 0.069735 -0.143244 0.0842004 -0.136837 -0.0683683 -0.0299275 -0.0313285 -0.0095672 -0.130641 -0.0733775 0.102411 0.0219592 0.00696513 0.00305559 0.00551497 0.0543299 0.103672 -0.114977 -0.153065 -0.0434418 -0.0104788 0.00561962 -0.0589861 0.136225 0.0570512 0.0966385 0.0535289 0.262499 0.0036935 0.234214 -0.760623 0.147442
-0.197313 -0.193634 -0.00705414 0.0608818 0.0143817 0.0818114 -0.0832402 -0.112359 -0.0708793 -0.060001 0.124436 0.0109339 -0.244985 0.0891006 0.127848 0.0213523 -0.0822013 0.00694862 -0.0370434 -0.131803 0.0220758 0.0369387 -0.0680959 -0.0258351 0.07412 -0.0737063 -0.0742567 -0.185041 -0.0355071 -0.00821483 -0.0953888 -0.0589654 0.193141 -0.21575 -0.301836 0.0935827 -0.243131 0.492079 -0.0289651 0.204385 0.138955 -0.221547 -0.229383 -0.118476 0.052181 0.147442
-0.0743817 0.217671 0.0156953 -0.0218338 0.12264 0.58952 0.167651 0.0710585 0.0563106 -0.220665 -0.0024479 -0.159456 0.113193 0.188547 0.254757 0.0283336 0.0788581 -0.110888 0.0812927 -0.0457598 0.181897 -0.272358 0.189245 -0.167681 0.0202161 0.129343 -0.10782 -0.0713562 0.0183028 -0.116026 0.0549366 0.147865 -0.0779787 0.105831 0.0758735 -0.158979 0.0392736 0.0620584 0.0445469 0.0830893 -0.00758724 -0.0595864 0.0184969 0.00196046 0.00589566 0.147442
-0.0664752 0.161523 -0.29358 -0.191029 0.00763404 -0.292844 0.0198436 0.250515 -0.05067 -0.0488008 -0.09745 -0.0480084 -0.0022812 -0.0445332 0.0752711 0.135395 0.0448908 -0.131231 0.236511 0.169064 -0.0247439 0.0873916 -0.129044 0.0554975 0.287153 -0.0252196 -0.262434 0.0502161 -0.401825 0.0859381 -0.0808418 0.118082 -0.118547 0.00728552 0.0104758 -0.0870882 0.247785 0.157648 0.123654 0.139563 0.0176028 -0.120233 0.0104122 -0.0104054 0.0037414 0.147442
-0.0594572 0.161424 -0.304709 -0.227587 -0.0113396 -0.162193 -0.204033 0.114646 -0.197464 0.0676206 0.0274323 0.107327 -0.13499 -0.0635189 0.0293036 -0.00443382 0.0193678 0.105083 -0.0714045 -0.1083 0.0786014 -0.0550538 -0.140283 0.0180701 -0.410472 0.194273 0.0427988 -0.0784996 0.217489 -0.270308 0.0827996 0.014716 -0.169353 0.375056 0.0767427 -0.0559853 -0.116709 0.209431 -0.0757376 0.0394461 0.0163944 0.00535247 0.0306689 -0.0151413 0.0104224 0.147442
0.191747 -0.0779213 -0.0497518 -0.0248996 -0.0611253 -0.0337849 0.0106601 -0.00193107 0.0392855 -0.00893792 -0.0414238 -0.0623972 -0.0269848 0.0253777 0.0081882 -0.0998949 -0.053242 0.0772232 -0.0345829 -0.11682 -0.00947732 -0.0790828 0.0999768 0.112856 -0.148447 0.050598 -0.0515124 0.0241209 -0.030129 0.0170732 -0.073608 -0.130236 -0.247596 -0.301421 -0.0617512 -0.0613991 -0.0847724 -0.0677112 -0.0693639 0.0542801 -0.247981 -0.55954 0.361474 0.345129 0.0304448 0.147442
0.191484 -0.0710228 -0.00473885 0.0163203 -0.107328 0.045988 0.0341367 -0.0381589 -0.0116375 -0.0559865 -0.0975409 0.0221299 -0.128973 -0.0545081 0.0705634 -0.137282 0.081178 -0.121252 -0.0707562 -0.0414932 -0.0326522 -0.00849531 -0.12926 -0.0638411 0.100393 0.0300458 0.0155818 0.0219538 0.0162492 0.0716083 0.117445 -0.123489 -0.159145 -0.0751112 -0.0656928 -0.0868762 -0.0158671 0.137103 0.126807 0.0837604 0.0174317 0.451948 0.0746634 0.273665 0.630249 0.147442
0.00331643 0.126806 -0.260949 0.329134 0.0729222 -0.0240972 0.378974 -0.0781773 -0.153118 0.183772 -0.0549815 0.365753 -0.0595688 0.182651 0.0448402 0.184365 0.106765 -0.0637625 -0.252691 -0.0104029 -0.271995 0.0921563 0.0418847 -0.313398 -0.120568 -0.0950219 0.0320559 0.0856332 -0.0568041 -0.064651 -0.12752 0.163261 -0.0191522 -0.0720353 0.0205875 0.00331391 -0.0265285 -0.0983787 0.00407551 0.0233394 0.0102072 -0.0369811 -0.0119903 0.022071 0.00562278 0.147442
-0.0734717 0.225293 0.413613 -0.0185513 -0.189021 -0.258012 0.128839 0.121776 -0.0497222 -0.279736 0.136284 -0.0938923 -0.0876306 0.174691 -0.0314386 0.148146 0.113555 -0.0532407 -0.2014 0.275687 -0.373802 -0.118277 0.212467 0.200954 -0.0567136 -0.00661207 0.0308226 -0.129499 0.10035 0.0209701 0.109224 -0.0246396 -0.0269014 0.0480182 -0.0128429 0.0331301 0.0117318 0.146098 -0.0583194 -0.0201701 0.0288887 -0.00398405 0.029944 0.0284402 0.00326202 0.147442
0.1606 -0.0738027 -0.0673883 -0.0253285 -0.081893 0.184856 0.0695261 0.0347738 -0.0369378 0.029573 0.040052 -0.0874365 0.00440931 0.0516198 -0.129311 0.151874 0.118875 0.217315 -0.00238082 0.385112 0.0998078 0.139322 -0.170538 0.244127 0.194228 0.0320041 0.195637 -0.0151415 0.0670484 -0.139796 -0.130851 0.255071 -0.070082 0.0957533 -0.306945 -0.114797 -0.309381 -0.195479 -0.00843366 0.1607 -0.190178 0.0395265 -0.103045 0.00588127 -0.00873995 0.147442
0.205602 -0.0854839 -0.037269 -0.0166788 0.0447648 -0.0676649 0.0524884 -0.00663692 0.0361596 0.0122272 0.0967907 0.00608782 0.0641366 0.071219 -0.0877045 0.102592 -0.143522 0.200345 0.132879 0.0546471 0.0206689 -0.0276633 -0.0297776 -0.232024 0.190747 -0.0426475 0.249493 -0.154091 0.102469 -0.0933254 0.0781105 0.123194 0.346741 0.0378577 0.269036 0.198128 0.181607 0.348642 0.0516183 -0.0104169 -0.351612 0.0139066 0.214541 0.129827 -0.00901638 0.147442
0.118679 0.0248715 0.283434 -0.174361 0.49896 -0.0688015 -0.0867628 -0.132646 0.0334177 0.0614533 0.0995694 0.0210046 0.141193 0.0133366 0.21201 -0.100529 0.233657 0.0697168 -0.32397 -0.125273 -0.0141727 0.226395 0.0276014 0.0890786 0.172014 0.0771747 -0.00453349 0.24093 -0.127074 -0.180824 -0.150896 -0.0877818 -0.0240514 0.183137 -0.0427996 0.127394 0.0617813 0.0693007 0.0719646 0.0183914 -0.0422499 -0.0317984 0.0353489 -0.00544765 0.00235621 0.147442
-0.152238 -0.108157 0.0126083 0.0384184 0.0147701 0.0562272 0.232024 -0.0611941 -0.4574 -0.132734 0.264371 0.0888948 0.235846 -0.367553 0.0395494 -0.332766 -0.0501658 0.013941 0.228379 0.0154533 -0.192383 0.224595 0.0746756 0.0709622 0.0331998 0.272592 -0.00348524 -0.0295033 0.0442347 -0.00227566 0.0651747 0.0948798 0.0412891 -0.0886913 0.0402336 -0.101904 0.000792881 -0.0112257 -0.0384334 -0.0703235 -0.00318873 -0.0123504 0.0100385 0.00553782 -0.00741548 0.147442
-0.203226 -0.173175 0.0385025 0.0870509 -0.0446908 -0.0748245 -0.107517 -0.16862 -0.0539639 0.00290442 0.159412 -0.0753013 -0.199021 0.169461 0.0579579 -0.127048 -0.141168 -0.0175456 -0.0738045 0.114166 0.10505 0.0592443 -0.0725175 -0.0261355 0.163085 -0.20543 -0.200035 0.331206 0.395439 0.0611894 0.145382 0.182809 -0.174791 0.0710201 0.293726 -0.0260215 0.150005 -0.142316 0.00452436 0.230908 -0.0214542 -0.115892 -0.0561931 0.00539944 0.0196461 0.147442
