0.000166631 0.000166631 0.000166631 0.000166631 0.999333
0.000156425 0.000156425 0.000156425 0.000156425 0.999374
0.000143311 0.000143311 0.999427 0.000143311 0.000143311
0.000142201 0.000142201 0.999431 0.000142201 0.000142201
0.000145254 0.000145254 0.999419 0.000145254 0.000145254
0.999407 0.000148192 0.000148192 0.000148192 0.000148192
0.999324 0.000169103 0.000169103 0.000169103 0.000169103
0.999436 0.000141044 0.000141044 0.000141044 0.000141044
0.999444 0.000139012 0.000139012 0.000139012 0.000139012
0.999429 0.000142713 0.000142713 0.000142713 0.000142713
0.000163741 0.000163741 0.999345 0.000163741 0.000163741
0.000147761 0.000147761 0.999409 0.000147761 0.000147761
0.000152147 0.000152147 0.000152147 0.999391 0.000152147
0.000142518 0.000142518 0.99943 0.000142518 0.000142518
0.000173411 0.000173411 0.000173411 0.000173411 0.999306
0.000147253 0.000147253 0.999411 0.000147253 0.000147253
0.00016073 0.999357 0.00016073 0.00016073 0.00016073
0.000145253 0.000145253 0.999419 0.000145253 0.000145253
0.000177277 0.000177277 0.000177277 0.000177277 0.999291
0.00015434 0.00015434 0.00015434 0.999383 0.00015434
0.000169523 0.000169523 0.000169523 0.999322 0.000169523
0.000161212 0.999355 0.000161212 0.000161212 0.000161212
0.000169422 0.999322 0.000169422 0.000169422 0.000169422
0.000157969 0.000157969 0.000157969 0.000157969 0.999368
0.9996 9.997E-05 9.997E-05 9.997E-05 9.997E-05
0.999428 0.000142929 0.000142929 0.000142929 0.000142929
0.99944 0.000140019 0.000140019 0.000140019 0.000140019
0.99945 0.000137625 0.000137625 0.000137625 0.000137625
0.999435 0.000141148 0.000141148 0.000141148 0.000141148
0.000151051 0.000151051 0.999396 0.000151051 0.000151051
0.99937 0.000157377 0.000157377 0.000157377 0.000157377
0.999153 0.000211794 0.000211794 0.000211794 0.000211794
0.99944 0.000140022 0.000140022 0.000140022 0.000140022
0.000138532 0.000138532 0.999446 0.000138532 0.000138532
0.000161213 0.999355 0.000161213 0.000161213 0.000161213
0.00015258 0.00015258 0.00015258 0.99939 0.00015258
0.00015001 0.00015001 0.00015001 0.9994 0.00015001
0.999448 0.000138117 0.000138117 0.000138117 0.000138117
0.999436 0.000140941 0.000140941 0.000140941 0.000140941
0.000161568 0.000161568 0.000161568 0.000161568 0.999354
0.000169969 0.99932 0.000169969 0.000169969 0.000169969
0.999407 0.000148311 0.000148311 0.000148311 0.000148311
0.999444 0.000139112 0.000139112 0.000139112 0.000139112
0.999343 0.000164207 0.000164207 0.000164207 0.000164207
0.000150881 0.000150881 0.999396 0.000150881 0.000150881
0.000143156 0.000143156 0.999427 0.000143156 0.000143156
