0.000158794 0.000158794 0.000158794 0.000158794 0.999365
0.999395 0.000151312 0.000151312 0.000151312 0.000151312
9.997E-05 9.997E-05 0.9996 9.997E-05 9.997E-05
0.000138933 0.000138933 0.999444 0.000138933 0.000138933
0.000142307 0.000142307 0.999431 0.000142307 0.000142307
0.000144484 0.999422 0.000144484 0.000144484 0.000144484
0.000166602 0.999334 0.000166602 0.000166602 0.000166602
0.000133606 0.999466 0.000133606 0.000133606 0.000133606
0.00013459 0.999462 0.00013459 0.00013459 0.00013459
0.000136295 0.999455 0.000136295 0.000136295 0.000136295
0.000159793 0.000159793 0.999361 0.000159793 0.000159793
0.000142946 0.000142946 0.999428 0.000142946 0.000142946
0.000164314 0.000164314 0.000164314 0.999343 0.000164314
9.997E-05 9.997E-05 0.9996 9.997E-05 9.997E-05
0.000178055 0.000178055 0.000178055 0.000178055 0.999288
0.00014536 0.00014536 0.999419 0.00014536 0.00014536
0.000163675 0.000163675 0.000163675 0.000163675 0.999345
9.997E-05 9.997E-05 0.9996 9.997E-05 9.997E-05
0.9996 9.997E-05 9.997E-05 9.997E-05 9.997E-05
0.000159389 0.000159389 0.000159389 0.000159389 0.999362
0.000180456 0.000180456 0.000180456 0.999278 0.000180456
0.000166314 0.000166314 0.000166314 0.999335 0.000166314
9.997E-05 9.997E-05 9.997E-05 0.9996 9.997E-05
0.999358 0.000160411 0.000160411 0.000160411 0.000160411
0.00013794 0.999448 0.00013794 0.00013794 0.00013794
0.000141576 0.999434 0.000141576 0.000141576 0.000141576
0.000136194 0.999455 0.000136194 0.000136194 0.000136194
0.00013701 0.999452 0.00013701 0.00013701 0.00013701
0.000137735 0.999449 0.000137735 0.000137735 0.000137735
0.000156109 0.000156109 0.999376 0.000156109 0.000156109
0.000154233 0.999383 0.000154233 0.000154233 0.000154233
9.997E-05 9.997E-05 9.997E-05 0.9996 9.997E-05
0.000135287 0.999459 0.000135287 0.000135287 0.000135287
0.000136144 0.000136144 0.999455 0.000136144 0.000136144
0.000169261 0.000169261 0.000169261 0.999323 0.000169261
0.000167486 0.000167486 0.000167486 0.99933 0.000167486
0.000164033 0.000164033 0.000164033 0.999344 0.000164033
0.00013449 0.999462 0.00013449 0.00013449 0.00013449
0.000138359 0.999447 0.000138359 0.000138359 0.000138359
0.9996 9.997E-05 9.997E-05 9.997E-05 9.997E-05
0.000177108 0.000177108 0.000177108 0.999292 0.000177108
0.000146926 0.999412 0.000146926 0.000146926 0.000146926
0.000138883 0.999444 0.000138883 0.000138883 0.000138883
0.000167369 0.999331 0.000167369 0.000167369 0.000167369
0.000153144 0.000153144 0.999387 0.000153144 0.000153144
0.000141995 0.000141995 0.999432 0.000141995 0.000141995
