0.000177366 0.000177366 0.999291 0.000177366 0.000177366
9.997E-05 9.997E-05 0.9996 9.997E-05 9.997E-05
0.000138432 0.000138432 0.000138432 0.999446 0.000138432
9.997E-05 9.997E-05 9.997E-05 0.9996 9.997E-05
0.000139246 0.000139246 0.000139246 0.999443 0.000139246
0.00013738 0.99945 0.00013738 0.00013738 0.00013738
0.000167008 0.999332 0.000167008 0.000167008 0.000167008
9.997E-05 0.9996 9.997E-05 9.997E-05 9.997E-05
0.000135546 0.999458 0.000135546 0.000135546 0.000135546
0.000138736 0.999445 0.000138736 0.000138736 0.000138736
0.999516 0.000121054 0.000121054 0.000121054 0.000121054
9.997E-05 9.997E-05 9.997E-05 0.9996 9.997E-05
0.000157069 0.000157069 0.000157069 0.000157069 0.999372
0.000141073 0.000141073 0.000141073 0.999436 0.000141073
0.000197573 0.000197573 0.99921 0.000197573 0.000197573
9.997E-05 9.997E-05 9.997E-05 0.9996 9.997E-05
0.000168433 0.000168433 0.000168433 0.000168433 0.999326
0.000138758 0.000138758 0.000138758 0.999445 0.000138758
0.000181321 0.000181321 0.999275 0.000181321 0.000181321
0.000168432 0.000168432 0.000168432 0.000168432 0.999326
0.000191845 0.000191845 0.999233 0.000191845 0.000191845
0.000167668 0.000167668 0.000167668 0.000167668 0.999329
0.000187755 0.000187755 0.999249 0.000187755 0.000187755
0.000175594 0.000175594 0.999298 0.000175594 0.000175594
0.000141858 0.999433 0.000141858 0.000141858 0.000141858
0.000138738 0.999445 0.000138738 0.000138738 0.000138738
0.000141203 0.999435 0.000141203 0.000141203 0.000141203
0.000134945 0.99946 0.000134945 0.000134945 0.000134945
0.000139691 0.999441 0.000139691 0.000139691 0.000139691
0.00014982 0.00014982 0.00014982 0.999401 0.00014982
0.000156563 0.999374 0.000156563 0.000156563 0.000156563
0.000186117 0.000186117 0.000186117 0.000186117 0.999256
0.000137692 0.999449 0.000137692 0.000137692 0.000137692
0.000133743 0.000133743 0.000133743 0.999465 0.000133743
0.000179167 0.000179167 0.999283 0.000179167 0.000179167
0.000158405 0.000158405 0.000158405 0.000158405 0.999366
0.000155758 0.000155758 0.000155758 0.000155758 0.999377
0.000135245 0.999459 0.000135245 0.000135245 0.000135245
0.000137278 0.999451 0.000137278 0.000137278 0.000137278
0.000183204 0.000183204 0.999267 0.000183204 0.000183204
0.000181939 0.000181939 0.999272 0.000181939 0.000181939
0.000149764 0.999401 0.000149764 0.000149764 0.000149764
0.000135344 0.999459 0.000135344 0.000135344 0.000135344
0.000166401 0.999334 0.000166401 0.000166401 0.000166401
0.000142778 0.000142778 0.000142778 0.999429 0.000142778
0.000136204 0.000136204 0.000136204 0.999455 0.000136204
