0.000172907 0.000172907 0.999481 0.000172907
0.999531 0.00015632 0.00015632 0.00015632
0.000145588 0.000145588 0.000145588 0.999563
0.000140963 0.000140963 0.000140963 0.999577
0.000148954 0.000148954 0.000148954 0.999553
0.000140699 0.999578 0.000140699 0.000140699
0.000171154 0.999487 0.000171154 0.000171154
0.000140484 0.999579 0.000140484 0.000140484
0.000139093 0.999583 0.000139093 0.000139093
0.000141793 0.999575 0.000141793 0.000141793
0.000169793 0.000169793 0.000169793 0.999491
0.000147258 0.000147258 0.000147258 0.999558
0.000166639 0.000166639 0.9995 0.000166639
0.000141428 0.000141428 0.000141428 0.999576
0.999498 0.000167343 0.000167343 0.000167343
0.000147762 0.000147762 0.000147762 0.999557
0.00017161 0.00017161 0.999485 0.00017161
0.00014412 0.00014412 0.00014412 0.999568
0.000183497 0.000183497 0.99945 0.000183497
9.998E-05 9.998E-05 0.9997 9.998E-05
0.000183979 0.000183979 0.999448 0.000183979
0.000169084 0.000169084 0.999493 0.000169084
0.000183982 0.000183982 0.999448 0.000183982
0.999539 0.000153507 0.000153507 0.000153507
0.000145059 0.999565 0.000145059 0.000145059
0.000140702 0.999578 0.000140702 0.000140702
0.000136393 0.999591 0.000136393 0.000136393
0.000135082 0.999595 0.000135082 0.000135082
0.000140054 0.99958 0.000140054 0.000140054
0.000149651 0.000149651 0.000149651 0.999551
0.000154767 0.999536 0.000154767 0.000154767
0.000193005 0.000193005 0.999421 0.000193005
0.000140268 0.999579 0.000140268 0.000140268
0.000138091 0.000138091 0.000138091 0.999586
0.000169708 0.000169708 0.999491 0.000169708
0.000169091 0.000169091 0.999493 0.000169091
0.00016827 0.00016827 0.999495 0.00016827
0.000136802 0.99959 0.000136802 0.000136802
0.000137836 0.999586 0.000137836 0.000137836
0.999529 0.000156892 0.000156892 0.000156892
0.000177806 0.000177806 0.999467 0.000177806
0.000150187 0.999549 0.000150187 0.000150187
0.000137212 0.999588 0.000137212 0.000137212
0.000162623 0.999512 0.000162623 0.000162623
9.998E-05 9.998E-05 9.998E-05 0.9997
0.000140809 0.000140809 0.000140809 0.999578
