0.000175717 0.999473 0.000175717 0.000175717
0.000175727 0.999473 0.000175727 0.000175727
0.999584 0.000138603 0.000138603 0.000138603
0.999577 0.000141029 0.000141029 0.000141029
0.999573 0.000142273 0.000142273 0.000142273
0.000137364 0.000137364 0.999588 0.000137364
0.00016032 0.00016032 0.00016032 0.999519
0.000132423 0.000132423 0.999603 0.000132423
0.000131992 0.000131992 0.999604 0.000131992
0.000135412 0.000135412 0.999594 0.000135412
0.9997 9.998E-05 9.998E-05 9.998E-05
0.999579 0.000140417 0.000140417 0.000140417
0.000166556 0.9995 0.000166556 0.000166556
0.999567 0.000144345 0.000144345 0.000144345
0.000205853 0.999382 0.000205853 0.000205853
0.9997 9.998E-05 9.998E-05 9.998E-05
0.000183133 0.999451 0.000183133 0.000183133
0.999577 0.000141029 0.000141029 0.000141029
0.000186367 0.999441 0.000186367 0.000186367
0.000177371 0.999468 0.000177371 0.000177371
0.000194495 0.999417 0.000194495 0.000194495
0.000175532 0.999473 0.000175532 0.000175532
0.000188436 0.999435 0.000188436 0.000188436
0.000182152 0.999454 0.000182152 0.000182152
0.000134512 0.000134512 0.999596 0.000134512
0.000132858 0.000132858 0.999601 0.000132858
0.000133735 0.000133735 0.999599 0.000133735
0.000131349 0.000131349 0.999606 0.000131349
0.000130293 0.000130293 0.999609 0.000130293
0.999545 0.000151646 0.000151646 0.000151646
0.000152635 0.000152635 0.999542 0.000152635
0.000194503 0.999416 0.000194503 0.000194503
0.000135867 0.000135867 0.999592 0.000135867
0.999594 0.000135402 0.000135402 0.000135402
0.00017756 0.999467 0.00017756 0.00017756
0.000177194 0.999468 0.000177194 0.000177194
0.000167552 0.999497 0.000167552 0.000167552
0.000131669 0.000131669 0.999605 0.000131669
0.000131885 0.000131885 0.999604 0.000131885
0.000179237 0.000179237 0.000179237 0.999462
0.000184526 0.999446 0.000184526 0.000184526
0.000141443 0.000141443 0.999576 0.000141443
0.000129874 0.000129874 0.99961 0.000129874
0.000160322 0.000160322 0.000160322 0.999519
0.99955 0.000149888 0.000149888 0.000149888
0.999591 0.000136404 0.000136404 0.000136404
