0.9997 9.998E-05 9.998E-05 9.998E-05
0.000162082 0.000162082 0.999514 0.000162082
0.000141001 0.999577 0.000141001 0.000141001
0.000142562 0.999572 0.000142562 0.000142562
0.00014448 0.999567 0.00014448 0.00014448
0.000142384 0.000142384 0.000142384 0.999573
0.000161783 0.000161783 0.000161783 0.999515
0.000133837 0.000133837 0.000133837 0.999598
0.000133544 0.000133544 0.000133544 0.999599
0.000137978 0.000137978 0.000137978 0.999586
0.00017074 0.999488 0.00017074 0.00017074
0.000144813 0.999566 0.000144813 0.000144813
0.999505 0.000164938 0.000164938 0.000164938
0.000144482 0.999567 0.000144482 0.000144482
0.000174983 0.000174983 0.999475 0.000174983
0.000147464 0.999558 0.000147464 0.000147464
0.999467 0.000177751 0.000177751 0.000177751
0.000141934 0.999574 0.000141934 0.000141934
0.000174036 0.000174036 0.999478 0.000174036
0.999483 0.000172238 0.000172238 0.000172238
0.999422 0.000192732 0.000192732 0.000192732
0.999489 0.000170228 0.000170228 0.000170228
0.99945 0.000183341 0.000183341 0.000183341
0.000165877 0.000165877 0.999502 0.000165877
0.000138921 0.000138921 0.000138921 0.999583
0.000139879 0.000139879 0.000139879 0.99958
0.000140632 0.000140632 0.000140632 0.999578
0.000137357 0.000137357 0.000137357 0.999588
0.000137151 0.000137151 0.000137151 0.999589
0.000148827 0.999554 0.000148827 0.000148827
0.000158283 0.000158283 0.000158283 0.999525
0.999447 0.000184209 0.000184209 0.000184209
0.000137563 0.000137563 0.000137563 0.999587
0.000143517 0.999569 0.000143517 0.000143517
0.999484 0.000171985 0.000171985 0.000171985
0.999483 0.000172244 0.000172244 0.000172244
0.999511 0.000162865 0.000162865 0.000162865
0.000135624 0.000135624 0.000135624 0.999593
0.000138922 0.000138922 0.000138922 0.999583
0.000167185 0.000167185 0.999498 0.000167185
0.000181985 0.000181985 0.999454 0.000181985
0.000145095 0.000145095 0.000145095 0.999565
0.00013633 0.00013633 0.00013633 0.999591
0.00016093 0.00016093 0.00016093 0.999517
0.000147637 0.999557 0.000147637 0.000147637
0.000142248 0.999573 0.000142248 0.000142248
